   Pos       G       A       T       C       -
     0       2      28       0       0     120
     1       0       1       0       0     149
     2       0       1       0       0     149
     3       0       1       0       0     149
     4       0       0       0       1     149
     5       0       0       0       1     149
     6       1       0       0       0     149
     7       1       0       0       0     149
     8       1       0       0       0     149
     9       0       0       0       1     149
    10       0       0       0       1     149
    11       0       1       0       0     149
    12       1       0       0       0     149
    13       0       0       1       0     149
    14       5       1       0       0     144
    15       1       0       0       5     144
    16      21       5       0       1     123
    17       0       8       0      19     123
    18      21       7       0       0     122
    19       0      26       0       2     122
    20       7      21       0       0     122
    21       2      19       0       7     122
    22      21       7       0       0     122
    23      14       0       0      19     117
    24       7      19       7       0     117
    25      27       9       0       0     114
    26      28       9       0       0     113
    27       0       0       2       0     148
    28       6       0      65       0      79
    29      49       0      22       0      79
    30      13       0       4      54      79
    31      49      22       0       0      79
    32       7      70       2       0      71
    33      47      32       0       0      71
    34       0     150       0       0       0
    35       0       0     150       0       0
    36     150       0       0       0       0
    37       0     150       0       0       0
    38       0     150       0       0       0
    39       0       0     150       0       0
    40       0       7       0     143       0
    41       0       0       0     150       0
    42      15     128       7       0       0
    43       0     150       0       0       0
    44       0     150       0       0       0
    45       0       0     135      15       0
    46       0       0       0     150       0
    47       0     150       0       0       0
    48     100      50       0       0       0
    49       0     150       0       0       0
    50       7     143       0       0       0
    51     135      15       0       0       0
    52       0     143       7       0       0
    53       0       0     149       1       0
    54       0     146       2       2       0
    55       1     140       7       2       0
    56       0       0     139      11       0
    57       0     143       0       7       0
    58      33      97      16       4       0
    59      16       0       3     131       0
    60       1     107       0      42       0
    61       0     143       0       7       0
    62       0       0     148       2       0
    63       0       2      76      72       0
    64     127       0      23       0       0
    65     127       0       0      23       0
    66      70      18      20      42       0
    67      79      12      59       0       0
    68       9       0      59      82       0
    69      16      87      43       4       0
    70     116      34       0       0       0
    71       0       0     134      16       0
    72      58      23      50      19       0
    73      23      61      66       0       0
    74      39      59       0      52       0
    75       0      14     120      16       0
    76       1     104       1      44       0
    77       0       0      91      59       0
    78      37      36       4      73       0
    79      13     137       0       0       0
    80       1       0      25     124       0
    81       0      49      61      40       0
    82       7      59       3      81       0
    83       0       0     150       0       0
    84      67      18      63       2       0
    85      66      11      73       0       0
    86      32       0       1     117       0
    87      40      81      11      18       0
    88      20     130       0       0       0
    89       0       0      71      79       0
    90      26     115       1       8       0
    91      32     111       0       7       0
    92       0       0     137      13       0
    93       3     116      14      17       0
    94      63      45      42       0       0
    95      70      19       0      61       0
    96       0       2      43     105       0
    97       2       2      54      92       0
    98       0       0     150       0       0
    99      17      29      83      21       0
   100       3      14       7     126       0
   101       0       0     150       0       0
   102      12      33      13      92       0
   103       0     124      21       5       0
   104       0       0     150       0       0
   105      42      45      60       3       0
   106      82       0       0      68       0
   107      82      68       0       0       0
   108      35     114       1       0       0
   109      67      79       4       0       0
   110       0       0     150       0       0
   111      58      24      67       1       0
   112     141       2       7       0       0
   113      82       0       4      64       0
   114      25      61       3      61       0
   115       0     149       0       1       0
   116       3     105      42       0       0
   117       0       1      23     126       0
   118       7      24      95      24       0
   119       0       0     150       0       0
   120      32     117       1       0       0
   121     103      45       2       0       0
   122      25       0      95      30       0
   123       9      46      21      74       0
   124       0      43      86      21       0
   125       0       0      83      67       0
   126      52      25      13      60       0
   127       0     143       7       0       0
   128       0      84      25      41       0
   129       1      25      40      84       0
   130      24     101      25       0       0
   131      25       0      66      59       0
   132      54      75       2      19       0
   133      92      48      10       0       0
   134      16       1      85      48       0
   135       6      60      23      61       0
   136       1      84      12      53       0
   137      25       0     125       0       0
   138      16      96       9      29       0
   139       0       0       0     150       0
   140       0     149       1       0       0
   141       0       0     119      31       0
   142      59       0      81      10       0
   143       0      71      56      23       0
   144      59      31      18      42       0
   145       1     149       0       0       0
   146      21     106      23       0       0
   147      60      63      22       5       0
   148      21      60       0      69       0
   149       7      68      73       2       0
   150      49      99       2       0       0
   151      70      66       2      12       0
   152      84      41      13      12       0
   153       0      66      65      17       2
   154     128      18       2       0       2
   155      34     116       0       0       0
   156       3      52      33      62       0
   157       9      22      58      61       0
   158      47      89       0      14       0
   159       7      14      47      82       0
   160      12      40      12      86       0
   161      32     103       0      15       0
   162      11      95       4      40       0
   163      11     119      17       3       0
   164      16      58      18      58       0
   165       0      65      52      33       0
   166      59      23      10      58       0
   167       1      32      69      48       0
   168      72      48       5      25       0
   169       5     100      27      18       0
   170       2      29      14     105       0
   171      23      26      30      71       0
   172      23       1       0       0     126
   173       0       1       0       0     149
   174       0       1       0       0     149
   175       0       1       0       0     149
   176       0       1       0       0     149
   177       0       0       0       1     149
   178       4      76       8      62       0
   179      10     126      10       4       0
   180       9      24      97      20       0
   181       0      50       7      93       0
   182       7      58       1      84       0
   183       1      76      55      16       2
   184      26      73       7      42       2
   185      11      54       2      81       2
   186       4     117       7      20       2
   187      41     105       0       2       2
   188       0       0     126      22       2
   189      42      80       1      25       2
   190      29     119       0       0       2
   191       8      35      42      63       2
   192      97      28      21       2       2
   193      41      65       4      38       2
   194       0      17      31     100       2
   195      38      43       9      58       2
   196       0      23      64      61       2
   197      44       1       0     103       2
   198       1      35     101      11       2
   199     101      17      21       9       2
   200       3      63      21      61       2
   201      41      90       1      16       2
   202      19      50       4      75       2
   203       0      15      72      61       2
   204       8      90      41       9       2
   205       0      89       0      59       2
   206       0       7      47      94       2
   207      80      31       7      30       2
   208       3     134       7       4       2
   209       0      80      45      23       2
   210       7      78       1      62       2
   211       0      88      59       1       2
   212      60       0      52      36       2
   213       3      79       7      59       2
   214      42      99       7       0       2
   215      60      45      25      18       2
   216      28      58      60       2       2
   217      59      66       0      23       2
   218      31      80      37       0       2
   219      29      33      30      56       2
   220      28     116       4       0       2
   221      21      64       3      58       4
   222      23       8      57      58       4
   223       2      92      27       0      29
   224      10      37      67       7      29
   225       0      99      10       4      37
   226       0     113       0       0      37
   227       0      14      77      22      37
   228       7      68       1      37      37
   229      22      79       2      10      37
   230       0      17       0      73      60
   231      33      67      12       9      29
   232       0      73      59      14       4
   233       0      75      17      56       2
   234      10      56      20      62       2
   235      40      77      30       1       2
   236       0     106      42       0       2
   237      40       2      88      18       2
   238      27      76      17      28       2
   239       1     117      30       0       2
   240      10       0      82      56       2
   241       2      88      49       9       2
   242       0      33      56      59       2
   243      43       3      59      43       2
   244      61      89       0       0       0
   245       0      38      82      30       0
   246      31      48      41      30       0
   247       0     150       0       0       0
   248      49      34      59       8       0
   249       0      59      42      49       0
   250       4     144       2       0       0
   251       0      85      20      45       0
   252       4       2      46      98       0
   253       8     142       0       0       0
   254       0      59      14      77       0
   255       0       0      21     129       0
   256       5     144       1       0       0
   257       0      39     108       3       0
   258       0     110       6      34       0
   259      45      89      16       0       0
   260       0      50      41      59       0
   261      42      65      32      11       0
   262      22     123       1       4       0
   263       3      49      20      78       0
   264      47      77      25       1       0
   265      77      69       4       0       0
   266       0      50      17      83       0
   267      31      99      20       0       0
   268      24     124       0       2       0
   269      13      17     111       9       0
   270      11      95      40       4       0
   271      12      73      44      21       0
   272      50      39      59       2       0
   273      39      69      27      15       0
   274      17      79      12      42       0
   275       2      21       0     127       0
   276       0      24     105      21       0
   277     102      46       0       2       0
   278       0     116      21      13       0
   279      30     118       2       0       0
   280     113      23       1      13       0
   281       3      23      47      77       0
   282      39      79      26       6       0
   283     108      10      20      12       0
   284       4      79       3      64       0
   285      22     116       1      11       0
   286      59      90       0       1       0
   287      62      58      29       1       0
   288      85      46      18       1       0
   289       1      22      66      61       0
   290       0      62      24      64       0
   291       2      21      79      47       1
   292       0      49      74      27       0
   293      17      29     100       4       0
   294      29      48       2      71       0
   295      23     125       2       0       0
   296       0     117       7      26       0
   297      76       6      43      25       0
   298      23       3     104      20       0
   299      67       1      23      59       0
   300      59       2      48      41       0
   301       2      43      46      59       0
   302       2      30       0     118       0
   303       5     107      27      11       0
   304       1      67      26      56       0
   305       2      66      59      23       0
   306      33     101       0      16       0
   307       4       8      23     115       0
   308       9       2       0     139       0
   309      82      34      25       9       0
   310       0       0      14     136       0
   311       0      42     108       0       0
   312      65      60       9      16       0
   313       0       0     150       0       0
   314     150       0       0       0       0
   315       0       0      61      89       0
   316      15      24       0     111       0
   317       0      64       0      86       0
   318       9      50      14      77       0
   319      42      49      59       0       0
   320       0       0     150       0       0
   321       0      16      58      76       0
   322       8     142       0       0       0
   323      84      24       0      42       0
   324       3     107      23      17       0
   325     134       0      16       0       0
   326     134       0       0      16       0
   327      47     102       1       0       0
   328       0       0     150       0       0
   329      48       0     102       0       0
   330      48       0      20      82       0
   331      75       0      59      16       0
   332       0      16      66      68       0
   333       0      24      59      67       0
   334      14      32       0     104       0
   335       0       0      46     104       0
   336       9      25     103      13       0
   337       7       0     127      16       0
   338       0      25     125       0       0
   339      10      13      66      61       0
   340       9      25      57      59       0
   341      27      59       0      64       0
   342      11      26      27      86       0
   343       0     150       0       0       0
   344       0     150       0       0       0
   345     111      39       0       0       0
   346     150       0       0       0       0
   347       0     150       0       0       0
   348       0       0      10     140       0
   349       0     150       0       0       0
   350       0     150       0       0       0
   351       0       0     111      38       1
   352      88      20      42       0       0
   353      26       0       0     124       0
   354       8     109      17      16       0
   355      13     137       0       0       0
   356       0       0     150       0       0
   357       0     102      45       3       0
   358       0      77       0      73       0
   359     150       0       0       0       0
   360      61      89       0       0       0
   361       0      42       7     101       0
   362       0       0     150       0       0
   363      59      18      52      20       1
   364     108       0      42       0       0
   365     108       0       0      42       0
   366       4       5     138       3       0
   367     124       0      26       0       0
   368       0      82       0      68       0
   369      70      39      22      19       0
   370      53      95       0       2       0
   371      54      96       0       0       0
   372      15      11      71      53       0
   373      89      59       2       0       0
   374      68      66       0      16       0
   375      42      92      11       5       0
   376     128       0       0      22       0
   377       0     150       0       0       0
   378       0       9      53      88       0
   379      80      70       0       0       0
   380       0       0     150       0       0
   381      13      22      15     100       0
   382       0      66      70      14       0
   383      42       0     108       0       0
   384      43      77      28       2       0
   385     149       1       0       0       0
   386       0       0     150       0       0
   387      37      12       3      98       0
   388       0     150       0       0       0
   389       0       0      26     124       0
   390       2     145       0       3       0
   391       0     148       0       2       0
   392     150       0       0       0       0
   393      84      66       0       0       0
   394     150       0       0       0       0
   395       0     150       0       0       0
   396      74      76       0       0       0
   397       0       0       0     150       0
   398       0       0       0     150       0
   399       7      24      95      24       0
   400       0       0     150       0       0
   401       0     124      26       0       0
   402       0       0     124      26       0
   403     107      29      10       4       0
   404       0       0     150       0       0
   405      48      18      77       7       0
   406       0      59      91       0       0
   407      59       0       0      91       0
   408      17      63       2      68       0
   409       0       0     150       0       0
   410     150       0       0       0       0
   411       0       0      56      94       0
   412      99      25      26       0       0
   413      32      92       0      26       0
   414       1       4     118      27       0
   415       1      61       0      88       0
   416       0      73      28      49       0
   417       2      29      95      24       0
   418     102       4      30      14       0
   419      29      91      30       0       0
   420      23      20      12      95       0
   421      49     101       0       0       0
   422      18     132       0       0       0
   423      20      61       6      63       0
   424       0       0     150       0       0
   425     150       0       0       0       0
   426       0       0      48     102       0
   427       0      49     101       0       0
   428     101      49       0       0       0
   429      76      32      39       3       0
   430       0      48      60      42       0
   431       0      42      23      85       0
   432      28      36       7      79       0
   433       0       0     150       0       0
   434       0       9     141       0       0
   435       0       0     124      26       0
   436     124       0      26       0       0
   437       0       0      26     124       0
   438       0      35      83      32       0
   439       0       0      18     132       0
   440       0       0     150       0       0
   441      29      13      44      64       0
   442     100      42       1       7       0
   443      58       7       0      85       0
   444      37      63      34      16       0
   445       0       0       0     150       0
   446       0     150       0       0       0
   447      43     107       0       0       0
   448     150       0       0       0       0
   449     150       0       0       0       0
   450      27     101       6      16       0
   451      84      65       1       0       0
   452       0       0       0     150       0
   453       3      88      12      47       0
   454       0      65      72      13       0
   455       0       0      85      65       0
   456      80      33      22      15       0
   457       0       9      13     128       0
   458       0       0     150       0       0
   459      43      85       7      15       0
   460      61      89       0       0       0
   461      85      65       0       0       0
   462      29      78      26      17       0
   463      42     108       0       0       0
   464      16      75       0      59       0
   465      12       0      53      85       0
   466      14     124       0      12       0
   467      29     121       0       0       0
   468      57      92       1       0       0
   469       0       0       0     150       0
   470       0     150       0       0       0
   471       0       0     111      39       0
   472      14      59      77       0       0
   473      59       0       0      91       0
   474      10      58      18      64       0
   475       0     150       0       0       0
   476       0     150       0       0       0
   477       0       0     138      12       0
   478     147       3       0       0       0
   479     136      14       0       0       0
   480      36      72       0      42       0
   481       0     150       0       0       0
   482       0       0       0     150       0
   483       0      17      34      99       0
   484      24     124       2       0       0
   485       0       0     124      26       0
   486       3      64      74       9       0
   487       0      85       0      65       0
   488       0     150       0       0       0
   489      10      75      53      12       0
   490     150       0       0       0       0
   491       0     150       0       0       0
   492       0       0      54      96       0
   493       0     149       0       1       0
   494     150       0       0       0       0
   495      63      87       0       0       0
   496       0     148       2       0       0
   497      40       0      23      87       0
   498       0      59      41      50       0
   499       7       0       0     143       0
   500       0       2       0     148       0
   501       4      81      52      13       0
   502       0       0     120      30       0
   503       0     127      23       0       0
   504       0       0      95      55       0
   505       0     109       0      41       0
   506     150       0       0       0       0
   507      64      82       1       3       0
   508      23      68      59       0       0
   509       7       0       0     143       0
   510       7       9      97      37       0
   511       0       0      15     135       0
   512       0       0     150       0       0
   513      17      95      32       6       0
   514       0     108      41       1       0
   515       0       0     150       0       0
   516      42      49      59       0       0
   517       0      84       7      59       0
   518     101       0      42       7       0
   519      42       7      79      22       0
   520       1      49     100       0       0
   521      43      40      60       7       0
   522      16       1      66      67       0
   523      57       0       0      93       0
   524       0      57       0      93       0
   525      33      88      20       9       0
   526       6      93      48       3       0
   527       0       0     150       0       0
   528      39      90      16       5       0
   529     148       0       2       0       0
   530     148       0       0       2       0
   531      14      62      74       0       0
   532      65      68       2      15       0
   533       7      38      44      61       0
   534      12      89      17      32       0
   535      98       0       1      51       0
   536       0       0      11     139       0
   537      12      47      77      14       0
   538       0       0      42     108       0
   539       0       0      42     108       0
   540       4      66      48      32       0
   541      61      22      25      42       0
   542      14      43      66      27       0
   543       5      63      79       3       0
   544      10       0      44      96       0
   545       0       0     111      39       0
   546      48      93       2       7       0
   547     100      10      40       0       0
   548     109      40       1       0       0
   549       6      92      12      40       0
   550       0     149       0       1       0
   551       0     108       0       0      42
   552       1       0      86      21      42
   553      14      12      82       0      42
   554      11      59       4      76       0
   555       0      24      19     107       0
   556       7     141       0       2       0
   557      55      95       0       0       0
   558      78      63       0       9       0
   559      74       1      33      42       0
   560       0     101      49       0       0
   561      59      48      26      17       0
   562      84      59       0       7       0
   563       0      42     108       0       0
   564      60      83       7       0       0
   565       1       0     149       0       0
   566     124       0       0      26       0
   567       0      19      22     109       0
   568      37     113       0       0       0
   569       0       0     150       0       0
   570       5      60      75      10       0
   571     150       0       0       0       0
   572      23       0       0     127       0
   573      11      57      82       0       0
   574       0       0     150       0       0
   575     150       0       0       0       0
   576     150       0       0       0       0
   577       0       0     150       0       0
   578       0       0       0     150       0
   579      51      51      27      21       0
   580      26     124       0       0       0
   581     124       0       0      26       0
   582       0      23      33      94       0
   583       0     108      42       0       0
   584      82       0       0      68       0
   585      10      42      29      69       0
   586      26     110      14       0       0
   587     110       0       0      40       0
   588       1      23     100      26       0
   589       0       0     150       0       0
   590     150       0       0       0       0
   591       0       0      31     119       0
   592       0       2      67      81       0
   593       2      89      59       0       0
   594       0       0     129      21       0
   595     150       0       0       0       0
   596       0     150       0       0       0
   597       0       0      91      59       0
   598     150       0       0       0       0
   599     150       0       0       0       0
   600      93      18       0      39       0
   601       0     148       0       2       0
   602       1     103      42       4       0
   603       9     112       3      26       0
   604     117      17      16       0       0
   605      21      71       0      58       0
   606      65      65      17       3       0
   607       0      16     127       7       0
   608     150       0       0       0       0
   609     146       4       0       0       0
   610       0      83      33      34       0
   611       0       0     149       1       0
   612     101      47       2       0       0
   613       0      33      16     101       0
   614       0     101       0      49       0
   615       2      40      96      12       0
   616      76      72       0       2       0
   617       0       0     150       0       0
   618      59      14      60      17       0
   619      26       0     124       0       0
   620     150       0       0       0       0
   621       7      16      65      62       0
   622      39     111       0       0       0
   623       0       0     150       0       0
   624      87      26      27      10       0
   625       0     104      39       7       0
   626       0       7       0     143       0
   627       8      75      61       6       0
   628     150       0       0       0       0
   629     150       0       0       0       0
   630      83      41      10      16       0
   631      34      72       0      44       0
   632       1     107       0      42       0
   633      11      24      96      19       0
   634     127      23       0       0       0
   635       0     150       0       0       0
   636       0       0     129      21       0
   637      11     139       0       0       0
   638      17     130       0       3       0
   639       0      34      85      31       0
   640      82      68       0       0       0
   641      23     125       0       2       0
   642      17       7     120       6       0
   643     150       0       0       0       0
   644       0       0       0     150       0
   645       6     111      33       0       0
   646      26     108      16       0       0
   647      59       0      26      65       0
   648      28      21     101       0       0
   649     150       0       0       0       0
   650       3       0       0     147       0
   651       0      19      70      61       0
   652      42      49       0      59       0
   653      42      59      42       7       0
   654      84      16      36      14       0
   655      24      87      35       4       0
   656       0       0     150       0       0
   657      25      79       2      44       0
   658       0     126      23       1       0
   659      16      33     101       0       0
   660      28      72      42       8       0
   661       0       0     150       0       0
   662       0     150       0       0       0
   663       0       0      97      53       0
   664      96      54       0       0       0
   665      26      80       0      44       0
   666      11      59      64      16       0
   667     141       2       0       7       0
   668     150       0       0       0       0
   669     109      15      10      16       0
   670       2     148       0       0       0
   671      93       3      54       0       0
   672      51      98       1       0       0
   673       0      84       0      66       0
   674       0       0     133      17       0
   675      76      44      23       7       0
   676      58      92       0       0       0
   677       0       0      52      98       0
   678       6     100      39       5       0
   679     129      21       0       0       0
   680       0     127       0      23       0
   681       0      12      27     111       0
   682      17      74      59       0       0
   683      42      16       1      91       0
   684       1      32      55      62       0
   685       1     147       2       0       0
   686       0       0     150       0       0
   687       0      18     100      32       0
   688      46      94       0      10       0
   689      42      94       0      14       0
   690      18      83      46       3       0
   691       0      34     116       0       0
   692      25       0       0     125       0
   693       8     115      22       5       0
   694       0       0     150       0       0
   695     150       0       0       0       0
   696     150       0       0       0       0
   697      24      84      42       0       0
   698      82       2       0      66       0
   699      15      91       3      41       0
   700      24     122       0       4       0
   701      26     124       0       0       0
   702      74      53       0      23       0
   703      60      90       0       0       0
   704       3     147       0       0       0
   705       1       9      37     103       0
   706       0     150       0       0       0
   707       0       0     150       0       0
   708       0     102      14      34       0
   709       0       4      38     108       0
   710       0       0     150       0       0
   711      19      94      16      21       0
   712       0     147       0       3       0
   713     150       0       0       0       0
   714      32     118       0       0       0
   715       0     150       0       0       0
   716       0       0       0     150       0
   717       5      29      35      81       0
   718       0       0       0     150       0
   719       0     150       0       0       0
   720     104      46       0       0       0
   721     150       0       0       0       0
   722       0     150       0       0       0
   723     130      20       0       0       0
   724       0       0     150       0       0
   725       0       0       0     150       0
   726      30      38      78       4       0
   727     149       0       1       0       0
   728       0     149       0       1       0
   729       3     147       0       0       0
   730       0       0     150       0       0
   731     150       0       0       0       0
   732       0       0      67      82       1
   733      90       1       0      59       0
   734       0      59      74      17       0
   735      18      79      43      10       0
   736       0       0     150       0       0
   737     150       0       0       0       0
   738       0       0      36     114       0
   739      13     112       0      25       0
   740       0      25     125       0       0
   741       9      13      82      46       0
   742      61      88       0       1       0
   743       2     148       0       0       0
   744       0      11      73      66       0
   745     150       0       0       0       0
   746     148       2       0       0       0
   747      60      66      19       5       0
   748      11     114      25       0       0
   749       0       1      27     122       0
   750       0      14     123      13       0
   751       0       0     150       0       0
   752     150       0       0       0       0
   753       0       0     111      39       0
   754      92      16      26      16       0
   755       0       3      91      56       0
   756       1      60      87       2       0
   757     125      24       1       0       0
   758       1       0     124      25       0
   759      22      44      69      15       0
   760     130      18       0       2       0
   761       0       0      91      59       0
   762       8      69      59      14       0
   763      59      82       9       0       0
   764       0       0     150       0       0
   765      83       7       0      60       0
   766       0     150       0       0       0
   767       0       0       0     150       0
   768       6      72      52      20       0
   769     150       0       0       0       0
   770       0     150       0       0       0
   771       0       0     148       2       0
   772     150       0       0       0       0
   773     150       0       0       0       0
   774      14      58      11      67       0
   775       0      42       8     100       0
   776      41       1       0     108       0
   777      11      36      91      12       0
   778     125      23       2       0       0
   779      23       0       0     127       0
   780       6      39      89      16       0
   781      64      44      42       0       0
   782       9      38       0     103       0
   783       0      35      87      28       0
   784      69      81       0       0       0
   785      76      72       0       2       0
   786       9      55      70      16       0
   787       0     115       0      35       0
   788      74      72       1       3       0
   789      59      30      60       1       0
   790     150       0       0       0       0
   791       0       0       0     150       0
   792       0      88      41      21       0
   793     117       0      30       3       0
   794       0     113       2      35       0
   795      16      22      63      49       0
   796       0      65      26      59       0
   797       0      85       0      65       0
   798       0      13      56      81       0
   799       0     150       0       0       0
   800      93      57       0       0       0
   801      73      77       0       0       0
   802      70      80       0       0       0
   803       0       0     149       1       0
   804       0      67      69      14       0
   805       0      14     121      15       0
   806       0      61      89       0       0
   807      10      41      19      80       0
   808       0      26     124       0       0
   809      70      38      42       0       0
   810      63      22      24      41       0
   811      10     117      23       0       0
   812       0       0     149       1       0
   813       6     101      21      22       0
   814      36      49       0      65       0
   815      87      62       1       0       0
   816      57      86       0       7       0
   817     117      32       0       1       0
   818       0     150       0       0       0
   819     119      31       0       0       0
   820     150       0       0       0       0
   821     150       0       0       0       0
   822      80      70       0       0       0
   823       0     143       0       7       0
   824      24     119       7       0       0
   825      33     117       0       0       0
   826      23     127       0       0       0
   827       0       0     150       0       0
   828       2     108      27      13       0
   829      15     119       2      14       0
   830       0      13     137       0       0
   831      22      89      24      15       0
   832       1     132       0      17       0
   833       3     146       0       1       0
   834      67      37      43       3       0
   835       0       0      59       0      91
   836       0      59       0       0      91
   837       0       0      59       0      91
   838      67      57      25       1       0
   839       2      67      58      23       0
   840      12      86      43       9       0
   841      68      82       0       0       0
   842      42      84      24       0       0
   843       8      17      71      54       0
   844     106      12       2      30       0
   845       0      41      59      50       0
   846      16      63      64       7       0
   847       2      12      48      88       0
   848       0       0      91      59       0
   849      82       1       5      62       0
   850      11      97      41       1       0
   851       1     101       2      46       0
   852      15     116      17       2       0
   853      91      58       1       0       0
   854      65       0       1      84       0
   855      19     103       6      22       0
   856       0     120       7      23       0
   857      46      70       0      34       0
   858      59       9      63      19       0
   859      68      82       0       0       0
   860       3      23      59      65       0
   861       5      63      73       9       0
   862       1       9      25     115       0
   863       8     140       1       1       0
   864      46      78      13      13       0
   865       0       0       0     150       0
   866       0     150       0       0       0
   867       0       0      43     107       0
   868      40      26      84       0       0
   869       0      23     127       0       0
   870      21      75      40      14       0
   871     150       0       0       0       0
   872       0     150       0       0       0
   873      78      72       0       0       0
   874     150       0       0       0       0
   875       0     150       0       0       0
   876      37     113       0       0       0
   877       0       0     150       0       0
   878     150       0       0       0       0
   879       0       0      76      74       0
   880       0       0     150       0       0
   881       0       0       0     150       0
   882      11      20       4     115       0
   883       0       0     150       0       0
   884     150       0       0       0       0
   885       0       0      81      69       0
   886       0       0     150       0       0
   887       0     150       0       0       0
   888       0       0     107      43       0
   889      82       0       0      68       0
   890      23       0      59      68       0
   891      55      29      36      30       0
   892      98       3       0      49       0
   893      43      93       0      14       0
   894      25      33      26       7      59
   895      16      18      54       3      59
   896       4      47       3      37      59
   897       1      25      60      64       0
   898      27      74       7      42       0
   899      34       4      59      53       0
   900      17      11     112      10       0
   901     123      27       0       0       0
   902      15     121      14       0       0
   903      25      48      76       1       0
   904     118      32       0       0       0
   905       0       0     150       0       0
   906       9      10      90      41       0
   907       3      87      60       0       0
   908      41      76      10      23       0
   909      39      43       7      61       0
   910       0       0     150       0       0
   911     150       0       0       0       0
   912       0       0     137      13       0
   913      74      76       0       0       0
   914       0       0     148       2       0
   915      18      76      39      17       0
   916       0       0     150       0       0
   917     150       0       0       0       0
   918       0       0      65      85       0
   919       0     148       0       2       0
   920     150       0       0       0       0
   921      98      52       0       0       0
   922     150       0       0       0       0
   923       0     150       0       0       0
   924       0       0      16     134       0
   925       0     150       0       0       0
   926       0     150       0       0       0
   927       0       0     105      45       0
   928       0       0     150       0       0
   929     150       0       0       0       0
   930     150       0       0       0       0
   931       0     117       0      33       0
   932       3     146       0       1       0
   933      84      42      24       0       0
   934     150       0       0       0       0
   935     143       0       0       7       0
   936       5      18      49      78       0
   937      21       3     126       0       0
   938       2       0       0     148       0
   939      18      21      61      50       0
   940       0     150       0       0       0
   941       0     150       0       0       0
   942       0       0      86      64       0
   943       0     128       0      22       0
   944     150       0       0       0       0
   945      43     107       0       0       0
   946       0       0       0     150       0
   947       0       0       0     150       0
   948      11      37      50      52       0
   949      51      15      84       0       0
   950      84       0      66       0       0
   951      97      19      27       7       0
   952      35      88       1      26       0
   953       0       0     150       0       0
   954      73      42      14      21       0
   955      24      75      49       2       0
   956      61      51       1      37       0
   957       4      67      71       8       0
   958       0     125      25       0       0
   959       0       0     150       0       0
   960       0      65       0      85       0
   961      20     129       1       0       0
   962       0     149       0       1       0
   963       0       0      72      78       0
   964      14      96       0      40       0
   965       2      82      49      17       0
   966      56      24      15      55       0
   967     102      48       0       0       0
   968       0     118       4      28       0
   969      80      36      34       0       0
   970      49      16       0       0      85
   971       0      42      10      13      85
   972      12       4      42       7      85
   973       0      82      41      27       0
   974       0      42      49      59       0
   975      37       3     108       2       0
   976      32     117       1       0       0
   977      42      32      59      17       0
   978      10      76      30      34       0
   979      10      32      28      80       0
   980       0      49      99       2       0
   981      56       0      79      15       0
   982     101      24       0      25       0
   983       1     112      14      23       0
   984      39      92      19       0       0
   985       1     107      42       0       0
   986      23       0      26     101       0
   987      12      70       9      59       0
   988      86      55       0       9       0
   989     127      23       0       0       0
   990      70      36      42       2       0
   991       0       0     150       0       0
   992       0     150       0       0       0
   993       0       0     112      38       0
   994     102      26      15       7       0
   995       0       0     150       0       0
   996      55      93       0       2       0
   997       0       0     150       0       0
   998     150       0       0       0       0
   999       0       0      38     112       0
  1000       1      93      56       0       0
  1001      86       0       0      64       0
  1002       1      55      79      15       0
  1003      74      73       0       3       0
  1004      80      68       0       2       0
  1005      18     129       3       0       0
  1006      34      14      59      43       0
  1007       0       0     150       0       0
  1008       0       3     119      28       0
  1009      42       0      35      73       0
  1010       0      59      90       1       0
  1011       0      14      52      84       0
  1012      67      24      59       0       0
  1013      68       0       0      82       0
  1014      13      88      21      28       0
  1015     150       0       0       0       0
  1016       0     150       0       0       0
  1017       0       0      10     140       0
  1018       0     150       0       0       0
  1019       1      26       0     123       0
  1020       7      57      47      39       0
  1021       0      21       0     129       0
  1022      21       0       0     129       0
  1023       6      44      19      81       0
  1024       0     111       0      39       0
  1025     150       0       0       0       0
  1026      68      49       8      25       0
  1027      18      25       7     100       0
  1028       5      38       0     107       0
  1029       3      80      43      24       0
  1030      92      51       7       0       0
  1031       3      77       2      68       0
  1032       2       8     112      28       0
  1033     150       0       0       0       0
  1034       0     150       0       0       0
  1035       0       0      56      94       0
  1036      15      60       0      75       0
  1037      55      19       1      75       0
  1038      21      14      60      55       0
  1039       6      37     102       5       0
  1040       5      10      12     123       0
  1041      10      86       6      48       0
  1042      26     123       1       0       0
  1043      80       1       8      61       0
  1044       7      60      16      67       0
  1045      34     114       2       0       0
  1046      81       7      59       3       0
  1047      72      11      38      29       0
  1048       8      58      84       0       0
  1049      68      23       0      59       0
  1050       5      57      39      49       0
  1051       0      32      86       9      23
  1052      82      43       0       2      23
  1053       0       1      93      33      23
  1054      73      11      43       0      23
  1055      45      82       0       0      23
  1056       0       0      48      79      23
  1057      14      40       0       9      87
  1058      26       8      15      14      87
  1059      15      41       7       0      87
  1060      64       4      59      23       0
  1061      23      44       0      83       0
  1062      14      12      30      94       0
  1063       2      22       0     126       0
  1064       1       0      23     126       0
  1065       4      94      48       4       0
  1066      23     122       2       3       0
  1067      59      46      23      22       0
  1068       4      31      46      69       0
  1069      21     102      18       9       0
  1070      21     103      10      16       0
  1071      19      16      88      27       0
  1072     119       8      21       2       0
  1073      26      42      59      23       0
  1074      31      25      32      62       0
  1075       9     134       0       7       0
  1076      41     102       0       7       0
  1077       8      43      82      17       0
  1078     133       2       0      15       0
  1079     133       3       0      14       0
  1080      40     100      10       0       0
  1081     144       6       0       0       0
  1082      75      19       0      56       0
  1083       2      86      17      45       0
  1084       0      20       8     122       0
  1085       0      42       0     108       0
  1086       5      24      62      59       0
  1087     150       0       0       0       0
  1088     150       0       0       0       0
  1089      34     112       2       2       0
  1090     150       0       0       0       0
  1091       0       0     150       0       0
  1092     105      33       1      11       0
  1093       0     150       0       0       0
  1094       0     150       0       0       0
  1095      64      86       0       0       0
  1096     150       0       0       0       0
  1097     150       0       0       0       0
  1098      90      46       5       9       0
  1099       0       0     150       0       0
  1100      42       0     108       0       0
  1101      42       0      89      19       0
  1102     123       2      25       0       0
  1103      69       0       0      81       0
  1104      15      39      50      46       0
  1105       0       0     150       0       0
  1106       0       9     141       0       0
  1107       0       0      68      82       0
  1108      42      85       4      19       0
  1109      11     116      23       0       0
  1110      12      96      22      20       0
  1111     120       4      25       1       0
  1112       1      91       0      58       0
  1113       1      13      77      59       0
  1114     143       7       0       0       0
  1115     150       0       0       0       0
  1116      27      20      32      71       0
  1117      37     113       0       0       0
  1118       9     138       0       3       0
  1119      12       2     121      15       0
  1120     127      23       0       0       0
  1121      25     125       0       0       0
  1122       0       0     112      38       0
  1123     106      27      17       0       0
  1124       0       0     127      23       0
  1125      13      78      55       4       0
  1126       0       0     150       0       0
  1127     150       0       0       0       0
  1128     150       0       0       0       0
  1129       0      68      70      12       0
  1130       0       0     150       0       0
  1131      55      83      10       2       0
  1132     150       0       0       0       0
  1133     150       0       0       0       0
  1134      23      61      56      10       0
  1135       0     116       0      34       0
  1136     150       0       0       0       0
  1137      38     105       0       7       0
  1138       0     150       0       0       0
  1139       0       0       0     150       0
  1140       9     102      30       9       0
  1141      59      91       0       0       0
  1142       0      25     125       0       0
  1143      68      29      12      41       0
  1144       1      90      59       0       0
  1145      58      33       0      59       0
  1146       1      84      19      46       0
  1147      14     126       2       8       0
  1148      20      37      20      73       0
  1149      18      18     107       7       0
  1150      44      99       0       7       0
  1151      82      60       0       8       0
  1152      13       4     111      22       0
  1153      59       0      91       0       0
  1154      59       0       7      84       0
  1155       4      58      59      29       0
  1156       0     108       0      42       0
  1157     150       0       0       0       0
  1158      24      85       7      34       0
  1159       0      32     118       0       0
  1160      21      11      12     106       0
  1161      30      98      18       4       0
  1162     150       0       0       0       0
  1163     150       0       0       0       0
  1164      10       9      54      77       0
  1165       0       0     150       0       0
  1166       0      58      92       0       0
  1167       0       0     144       6       0
  1168     150       0       0       0       0
  1169       0     150       0       0       0
  1170      59      91       0       0       0
  1171       3     147       0       0       0
  1172       0       0     108      42       0
  1173      44       2      77      27       0
  1174       2      82      61       5       0
  1175       0       0     150       0       0
  1176       9      17      47      77       0
  1177       0     125      25       0       0
  1178      53      97       0       0       0
  1179      63      87       0       0       0
  1180     142       8       0       0       0
  1181       0      25     125       0       0
  1182       2      14      91      43       0
  1183      32      72       0      46       0
  1184       1       2      41     106       0
  1185      15      81      35      19       0
  1186      72      78       0       0       0
  1187       2     148       0       0       0
  1188      41      32      77       0       0
  1189     150       0       0       0       0
  1190     127       0       0      23       0
  1191      76      30      32      12       0
  1192      21       0     129       0       0
  1193     134      14       2       0       0
  1194     145       5       0       0       0
  1195       4     132      14       0       0
  1196       2       1      63      84       0
  1197       2      17      22     109       0
  1198      46     101       2       1       0
  1199      13     107       1      29       0
  1200      37      28       6      79       0
  1201      33      40      60      17       0
  1202       1       7       0     142       0
  1203       3      11     129       7       0
  1204      25      52       0      73       0
  1205       3      88       0      59       0
  1206       2      14      76      58       0
  1207       1      84      65       0       0
  1208      11      74       0      65       0
  1209      11      11      34      94       0
  1210      17      74       0      59       0
  1211      31     119       0       0       0
  1212      40      33      75       2       0
  1213      59       7      67      17       0
  1214       0       1      58      91       0
  1215       6      52       3      89       0
  1216       0      59       0      42      49
  1217       0     101       0       0      49
  1218      38      63       0       0      49
  1219      13      55      82       0       0
  1220       0       2      44     104       0
  1221       1     111      26      12       0
  1222      18     120      10       2       0
  1223       3      51      82      14       0
  1224      19      28     102       1       0
  1225       4     132      10       4       0
  1226      52      37       2      59       0
  1227      68      66       6      10       0
  1228       0       0       0     150       0
  1229       0     150       0       0       0
  1230      25     125       0       0       0
  1231      78      71       0       1       0
  1232       0      32      48      70       0
  1233      10      72      23      45       0
  1234       1      90       1      58       0
  1235       0       0     150       0       0
  1236      43      70      23      14       0
  1237     141       9       0       0       0
  1238       0       0     150       0       0
  1239      58      31      50      11       0
  1240      75      14      61       0       0
  1241      13      64       2      71       0
  1242       3      32       8     107       0
  1243       1     142       7       0       0
  1244      30      97      23       0       0
  1245       6      31      32      81       0
  1246      44      91       1      14       0
  1247      13     126       2       9       0
  1248      10      11      89      40       0
  1249      90      60       0       0       0
  1250      18     132       0       0       0
  1251      11       2      33     104       0
  1252       0      14     136       0       0
  1253     149       0       0       1       0
  1254     149       1       0       0       0
  1255       0       2     148       0       0
  1256       2       0       0     148       0
  1257      41      62      33      14       0
  1258     150       0       0       0       0
  1259     150       0       0       0       0
  1260      48      23      20      59       0
  1261       0       0     150       0       0
  1262       0     150       0       0       0
  1263       0       0     104      46       0
  1264       0      28     122       0       0
  1265      28       0       0     122       0
  1266       0      79      53      18       0
  1267     150       0       0       0       0
  1268     150       0       0       0       0
  1269      26      23      85      16       0
  1270      14     133       3       0       0
  1271      91       0      42      17       0
  1272       2      12      90      46       0
  1273       0       0     150       0       0
  1274       0       0     150       0       0
  1275       0       0      24     126       0
  1276      23      85      42       0       0
  1277       2       0     105      43       0
  1278       2       6     118      24       0
  1279     121       5       0      24       0
  1280       0      46     104       0       0
  1281      16       9      47      78       0
  1282       0       2      23      24     101
  1283       2      46       0       1     101
  1284       1       2      37       9     101
  1285       3       0      23      23     101
  1286      25       0       1      23     101
  1287      24      18       7       0     101
  1288      91      59       0       0       0
  1289       1     133       0      16       0
  1290       1     137      12       0       0
  1291      66      60       7      17       0
  1292      41      24      25      60       0
  1293       5      28       0       0     117
  1294       0      33       0       0     117
  1295       0       0       0      26     124
  1296       3      23       0       0     124
  1297      25       1       0       0     124
  1298      32       1       0       0     117
  1299      14      15       8     113       0
  1300       2     131       4      13       0
  1301      16     111      23       0       0
  1302      98      45       6       1       0
  1303      99      51       0       0       0
  1304      13     137       0       0       0
  1305       9      12      28     101       0
  1306       0       0     150       0       0
  1307     150       0       0       0       0
  1308       0       0      77      73       0
  1309       0      67      82       1       0
  1310       0       9     138       3       0
  1311       4      20      63      63       0
  1312       3      85       0      62       0
  1313      25     122       3       0       0
  1314      68      18      32      32       0
  1315       2      33       0     115       0
  1316      42       0       0     108       0
  1317      43       6      34      67       0
  1318       0       0     150       0       0
  1319     150       0       0       0       0
  1320       0       0      92      58       0
  1321       0       0     150       0       0
  1322       0       0     150       0       0
  1323       0       0     124      26       0
  1324       0       0     150       0       0
  1325      26     124       0       0       0
  1326      26       0     124       0       0
  1327     150       0       0       0       0
  1328       0       0     150       0       0
  1329      64       1      78       7       0
  1330     150       0       0       0       0
  1331       0     150       0       0       0
  1332     106      44       0       0       0
  1333       0       3      62      85       0
  1334       0       0     150       0       0
  1335      50      41      43      16       0
  1336       0     150       0       0       0
  1337       0       0     150       0       0
  1338       0     123       1      26       0
  1339       0      92       0      58       0
  1340     150       0       0       0       0
  1341      13     135       2       0       0
  1342     150       0       0       0       0
  1343     150       0       0       0       0
  1344     115      29       0       6       0
  1345       0     128       0      22       0
  1346     140      10       0       0       0
  1347      89      61       0       0       0
  1348       0      14       0     136       0
  1349       0      14       0     136       0
  1350       2      43      10      95       0
  1351      31      90       0      29       0
  1352       0     150       0       0       0
  1353      54      37       0      59       0
  1354      91      59       0       0       0
  1355       0     150       0       0       0
  1356     118      32       0       0       0
  1357       9     134       0       7       0
  1358      21      80       0      49       0
  1359       3       0      92      55       0
  1360      63      87       0       0       0
  1361       0      66       0       0      84
  1362       7       0      59       0      84
  1363      59       0       6       1      84
  1364      42      80       1       1      26
  1365       2      42      66      14      26
  1366     124       0       0       0      26
  1367       0       0     124      26       0
  1368      31      41      10      68       0
  1369       0      26     114      10       0
  1370      49       0      42      59       0
  1371      68       3      58      21       0
  1372       0       0     150       0       0
  1373     150       0       0       0       0
  1374     150       0       0       0       0
  1375       7     143       0       0       0
  1376       0       0       0     150       0
  1377      12      59      53      26       0
  1378       0      93      57       0       0
  1379      93       0       0      57       0
  1380       2      50      18      80       0
  1381      26     124       0       0       0
  1382      26     124       0       0       0
  1383      13      10      87      40       0
  1384       0     150       0       0       0
  1385     150       0       0       0       0
  1386       0       0      91      59       0
  1387       0     142       8       0       0
  1388      25       0     124       1       0
  1389       2      71      26      51       0
  1390      99      51       0       0       0
  1391       0       0     150       0       0
  1392       0      29     112       9       0
  1393      66      59      25       0       0
  1394       0       0      41     109       0
  1395      13      45      76      16       0
  1396       0       3     126      21       0
  1397       0       0     150       0       0
  1398       3       7      34     106       0
  1399       0       0     150       0       0
  1400     150       0       0       0       0
  1401       0       0     149       1       0
  1402     148       0       2       0       0
  1403     148       0       0       2       0
  1404      19      93      15      23       0
  1405      26      51      14      59       0
  1406       9       0      85      56       0
  1407       1      82      10      57       0
  1408      60      41      42       7       0
  1409      11      88       0      51       0
  1410      13      51      15      71       0
  1411      60      87       2       1       0
  1412      65      76       7       2       0
  1413      14       2     125       9       0
  1414      85      41      10      14       0
  1415      14      85       2      49       0
  1416       5     121       4      20       0
  1417       7      26      56      61       0
  1418       0      42      24      84       0
  1419      16       0     125       9       0
  1420     148       2       0       0       0
  1421     124       0      16      10       0
  1422      22     124       2       2       0
  1423      17      51      80       2       0
  1424      25       3       0     122       0
  1425      59      54      22      15       0
  1426     108       0      42       0       0
  1427     150       0       0       0       0
  1428      42      59       7      42       0
  1429       0      61      89       0       0
  1430       0      61       0      89       0
  1431       1      54      73      22       0
  1432       0       0     150       0       0
  1433     143       0       7       0       0
  1434     143       0       0       7       0
  1435       0       0       0     150       0
  1436       0      15       0     135       0
  1437      44      38      58      10       0
  1438     150       0       0       0       0
  1439       0     150       0       0       0
  1440       0       0     127      23       0
  1441     150       0       0       0       0
  1442     150       0       0       0       0
  1443      27      35      85       3       0
  1444      91       0      59       0       0
  1445       0       0       0     150       0
  1446      40      10      87      13       0
  1447      51      90       0       9       0
  1448       0     147       3       0       0
  1449      27      14      45      64       0
  1450       0     124      18       8       0
  1451       0       0     150       0       0
  1452      25       3      63      59       0
  1453      67      50       0      33       0
  1454      59      51      14      26       0
  1455      61      29      17      43       0
  1456       0       1     136      13       0
  1457       0      23     127       0       0
  1458       0       1      78      71       0
  1459       4     123      23       0       0
  1460       0       3     124      23       0
  1461     101       0      24      25       0
  1462       0      40       7     103       0
  1463       0      14      28     108       0
  1464      21       2      65      62       0
  1465      28      99      23       0       0
  1466       0     108      42       0       0
  1467      75      49       1      25       0
  1468       0      37     101       0      12
  1469       1     130       7       0      12
  1470      26     105       7       0      12
  1471       9       5      84       0      52
  1472       4      84       1       9      52
  1473      70      26       2       0      52
  1474       1      66      18       0      65
  1475       0      68      17       0      65
  1476       0       2       0       0     148
  1477       0       0       1       1     148
  1478       2      66      12       5      65
  1479      10      66       8       1      65
  1480       4      61      11       7      67
  1481       5      63       7       3      72
  1482      57       4       0      15      74
  1483       0      14       2      54      80
  1484       1      72       2       0      75
  1485       0       7       2      21     120
  1486       0       7       2       0     141
  1487       0       7       0       0     143
  1488       2       5       0       0     143
  1489       0       2       0       5     143
  1490       0       2       5       0     143
  1491       0       2       0       5     143
  1492       0       2       0      28     120
  1493       0       4      26       0     120
  1494       0       2      26       2     120
  1495       0       1       0       0     149
  1496       0       0       0       1     149
  1497       0       0       1       0     149
  1498       0       0       0       1     149
  1499       0       0       0       1     149
  1500       0       0       1       0     149
  1501       0       0       1       0     149
  1502      27       0       0       0     123
  1503       0       0      27       0     123
  1504       0       0      27       0     123
  1505       0       0      27       0     123
  1506       0       0       0      27     123
  1507       0       0      27       0     123
  1508       0      27       0       0     123
  1509       0       0       0      27     123
  1510       0       0      27       0     123
